average_processing_time: 0.34228555736442406
correct_predictions: 7245
evaluation_timestamp: '2025-08-06T14:18:06.003834'
explainer_name: integrated_gradients
metric_averages:
  average_iou: 0.009958896483599319
  average_pixelprecisionrecall_precision: 0.5010520268494784
  average_pixelprecisionrecall_recall: 0.01080650481862709
  average_point_game: 0.5209321944532321
model_name: resnet50
prediction_accuracy: 0.7546875
samples_with_bbox: 9600
total_processing_time: 3285.941350698471
total_samples: 9600
