average_processing_time: 0.343306745265921
correct_predictions: 7245
evaluation_timestamp: '2025-08-09T23:01:33.934417'
explainer_name: integrated_gradients
metric_averages:
  average_iou: 0.010082490493197357
  average_pixelprecisionrecall_precision: 0.5410875060206671
  average_pixelprecisionrecall_recall: 0.010807500509775412
  average_point_game: 0.5614659685863874
model_name: resnet50
prediction_accuracy: 0.7546875
samples_with_bbox: 9600
total_processing_time: 3295.744754552841
total_samples: 9600
