average_processing_time: 0.019216200311978657
correct_predictions: 7245
evaluation_timestamp: '2025-08-09T22:03:23.652427'
explainer_name: guided_backprop
metric_averages:
  average_iou: 0.0003930109365436553
  average_pixelprecisionrecall_precision: 0.2786367551425863
  average_pixelprecisionrecall_recall: 0.00039407801255678473
  average_point_game: 0.6117277486910995
model_name: resnet50
prediction_accuracy: 0.7546875
samples_with_bbox: 9600
total_processing_time: 184.47552299499512
total_samples: 9600
