average_processing_time: 0.0167461971193552
correct_predictions: 7245
evaluation_timestamp: '2025-08-04T01:35:06.016981'
explainer_name: grad_cam
metric_averages:
  average_iou: 0.24485643891499365
  average_pixelprecisionrecall_precision: 0.4838950356278532
  average_pixelprecisionrecall_recall: 0.3898229108106509
  average_point_game: 0.564483813139302
model_name: resnet50
prediction_accuracy: 0.7546875
samples_with_bbox: 9600
total_processing_time: 160.76349234580994
total_samples: 9600
